31(0)         ->  [55(6)]

32(0)         ->  [42(6)]

53(0)         ->  [91(4), 89(5), 21(11)]
              ->  91(4)          ->  [19(18)]

77(0)         ->  [33(5)]
              ->  33(5)          ->  [10(9)]

98(0)         ->  [73(6), 43(10)]

39(0)         ->  [14(5), 41(8)]

74(1)         ->  [23(7)]

44(2)         ->  [52(9)]

56(2)         ->  [20(6)]

76(5)         ->  [12(14)]

99(8)         ->  [79(20)]

16(10)        ->  [97(16)]

87(18)        ->  [4(27)]

67(22)        ->  [94(42)]

68(22)        ->  [0(31)]

